chrY	25298943	25301392	circular_RNA/1	0	-	25298943	25298943	0,0,0	2	72,72	0,2377	1	circRNA	DAZ1	NM_004081	chrY:25289229-25298943|chrY:25301392-25303716
chrY	25314803	25316657	circular_RNA/1	0	-	25314803	25314803	0,0,0	5	140,64,52,92,147	0,229,729,1341,1707	1	circRNA	DAZ1	NM_004081	chrY:25313403-25314803|chrY:25316657-25325643
chrY	25315032	25325783	circular_RNA/1	0	-	25315032	25315032	0,0,0	5	64,52,92,147,140	0,500,1112,1478,10611	1	circRNA	DAZ1	NM_004081	chrY:25314943-25315032|chrY:25325783-25325872
chrY	25372490	25374344	circular_RNA/1	0	+	25372490	25372490	0,0,0	5	147,92,52,64,140	0,421,1073,1561,1714	1	circRNA	DAZ3	NM_020364	chrY:25365890-25372490|chrY:25374344-25375744
chr10	124337326	124390797	circular_RNA/1	0	+	124337326	124337326	0,0,0	26	30,42,324,30,33,324,30,39,324,30,33,324,30,33,324,30,33,324,30,39,324,27,33,154,203,321	0,907,1767,3055,16685,17492,19214,20163,20963,22253,23180,23986,33407,35357,36163,37466,39417,40206,41497,42442,43246,47466,48122,52029,52477,53150	1	circRNA	DMBT1	NM_004406	chr10:124336238-124337326|chr10:124390797-124391370
chr19	8997117	9024998	circular_RNA/1	0	-	8997117	8997117	0,0,0	45	68,125,66,36,173,68,125,66,36,173,68,125,66,36,173,68,125,66,36,173,68,125,66,36,173,68,125,66,36,173,68,125,63,36,173,68,125,66,36,173,68,131,66,36,173	0,294,1580,1907,2274,3029,3324,4713,5035,5383,6175,6448,7751,8076,8441,9226,9524,10369,10691,11055,12149,12470,13530,13853,14204,15350,15656,16727,17051,17414,18200,18503,19542,19863,20228,21015,21319,22157,22482,22867,23647,23936,27016,27343,27708	1	circRNA	MUC16	NM_024690	chr19:8996493-8997117|chr19:9024998-9025590
chr19	9015317	9017518	circular_RNA/1	0	-	9015317	9015317	0,0,0	5	68,125,63,36,173	0,303,1342,1663,2028	1	circRNA	MUC16	NM_024690	chr19:9014704-9015317|chr19:9017518-9018132
chr19	12250994	12258617	circular_RNA/1	0	-	12250994	12250994	0,0,0	4	146,75,61,127	0,2461,7215,7496	1	circRNA	ZNF625-ZNF20	NR_037802	chr19:12246719-12250994|chr19:12258617-12267370
chr20	50714976	50781296	circular_RNA/1	0	-	50714976	50714976	0,0,0	3	150,252,63	0,61685,66257	1	circRNA	ZFP64	NM_199427	chr20:50713974-50714976|chr20:50781296-50782402
chr7	66296182	66301787	circular_RNA/1	0	-	66296182	66296182	0,0,0	4	90,211,38,66	0,1074,1789,5539	1	circRNA	GTF2IRD1P1	NR_003934	chr7:66290348-66296182|chr7:66301787-66304526
chr6	161033963	161060491	circular_RNA/1	0	-	161033963	161033963	0,0,0	10	182,160,182,160,182,160,182,160,182,160	0,4185,5552,9731,11098,15275,16642,20821,22191,26368	1	circRNA	LPA	NM_005577	chr6:161032753-161033963|chr6:161060491-161061698
chr3	195451997	195452111	circular_RNA/1	1	+	195451997	195451997	0,0,0	1	114	0	1	ciRNA	MUC20	NM_001291833	chr3:195451997-195452339
chr2	130843915	130857209	circular_RNA/1	0	-	130843915	130843915	0,0,0	4	45,71,71,167	0,1724,7095,13127	1	circRNA	POTEF	NM_001099771	chr2:130843568-130843915|chr2:130857209-130858248
chr2	130845639	130858293	circular_RNA/1	1	-	130845639	130845639	0,0,0	4	71,71,167,45	0,5371,11403,12609	1	circRNA	POTEF	NM_001099771	chr2:130843960-130845639|chr2:130858293-130859682
chr2	131239575	131248313	circular_RNA/1	0	-	131239575	131239575	0,0,0	4	71,167,45,71	0,6029,7232,8667	1	circRNA	POTEI	NM_001277406	chr2:131234274-131239575|chr2:131248313-131254124
chr2	131388981	131401626	circular_RNA/1	0	+	131388981	131388981	0,0,0	4	45,167,71,71	0,1081,7210,12574	1	circRNA	POTEJ	NM_001277083	chr2:131387592-131388981|chr2:131401626-131403309
chr2	152435851	152454644	circular_RNA/1	0	-	152435851	152435851	0,0,0	16	312,108,105,204,312,108,105,204,312,108,105,204,312,108,105,204	0,1459,2145,3126,4117,6169,7067,8036,10551,12010,12696,13678,14669,16722,17620,18589	1	circRNA	NEB	NM_001164507	chr2:152432868-152435851|chr2:152454644-152456955
chr2	152435851	152465190	circular_RNA/1	0	-	152435851	152435851	0,0,0	24	312,108,105,204,312,108,105,204,312,108,105,204,312,108,105,204,312,108,105,204,312,108,105,204	0,1459,2145,3126,4117,6169,7067,8036,10551,12010,12696,13678,14669,16722,17620,18589,21104,22563,23249,24231,25222,27268,28166,29135	1	circRNA	NEB	NM_001164507	chr2:152432868-152435851|chr2:152465190-152466322
chr2	152443887	152464122	circular_RNA/1	0	-	152443887	152443887	0,0,0	16	204,312,108,105,204,312,108,105,204,312,108,105,204,312,108,105	0,2515,3974,4660,5642,6633,8686,9584,10553,13068,14527,15213,16195,17186,19232,20130	1	circRNA	NEB	NM_001164507	chr2:152443023-152443887|chr2:152464122-152464986
chr2	152446402	152465190	circular_RNA/1	0	-	152446402	152446402	0,0,0	16	312,108,105,204,312,108,105,204,312,108,105,204,312,108,105,204	0,1459,2145,3127,4118,6171,7069,8038,10553,12012,12698,13680,14671,16717,17615,18584	1	circRNA	NEB	NM_001164507	chr2:152444091-152446402|chr2:152465190-152466322
chr2	152467029	152529194	circular_RNA/1	0	-	152467029	152467029	0,0,0	44	108,105,204,312,108,105,204,312,108,105,204,312,108,105,204,312,108,105,204,312,108,105,204,312,108,105,204,312,108,105,207,312,108,105,207,312,108,105,207,312,108,105,207,312	0,246,1670,3760,5486,6848,7759,8935,10403,15018,16486,17007,19023,20199,20627,23138,25711,28764,29341,29839,32058,32249,32634,33302,33952,35614,39660,40058,43476,44754,45301,45637,47467,48549,51619,53032,53985,54243,54817,55574,57288,58511,60507,61853	1	circRNA	NEB	NM_001164507	chr2:152466634-152467029|chr2:152529194-152530990
chr2	152484036	152496574	circular_RNA/1	0	-	152484036	152484036	0,0,0	8	312,108,105,204,312,108,105,204	0,2016,3192,3620,6131,8704,11757,12334	1	circRNA	NEB	NM_001164507	chr2:152483719-152484036|chr2:152496574-152496868
chr2	152544139	152550950	circular_RNA/1	0	-	152544139	152544139	0,0,0	7	108,105,99,105,108,102,114	0,666,3101,4238,4433,4635,6697	1	circRNA	NEB	NM_001164507	chr2:152544046-152544139|chr2:152550950-152551035
chr2	179516822	179519261	circular_RNA/1	0	-	179516822	179516822	0,0,0	13	84,84,84,84,84,84,84,81,81,81,84,84,90	0,168,362,557,752,945,1142,1331,1525,1721,1916,2112,2349	1	circRNA	TTN	NM_001267550	chr2:179516694-179516822|chr2:179519261-179519471
chr2	179516990	179519555	circular_RNA/1	0	-	179516990	179516990	0,0,0	13	84,84,84,84,84,84,81,81,81,84,84,90,84	0,194,389,584,777,974,1163,1357,1553,1748,1944,2181,2481	1	circRNA	TTN	NM_001267550	chr2:179516906-179516990|chr2:179519555-179519638
chr2	179516990	179523815	circular_RNA/1	0	-	179516990	179516990	0,0,0	3	84,84,84	0,194,6741	1	circRNA	TTN	NM_001256850	chr2:179516906-179516990|chr2:179523815-179523898
chr2	179517964	179528243	circular_RNA/1	0	-	179517964	179517964	0,0,0	27	84,81,81,81,84,84,90,84,84,84,81,81,81,84,84,90,84,84,84,81,81,81,84,84,90,84,84	0,189,383,579,774,970,1207,1507,1674,4260,4449,4643,4839,5034,5230,5467,5767,5934,8521,8710,8904,9100,9295,9491,9728,10028,10195	1	circRNA	TTN	NM_001267550	chr2:179517851-179517964|chr2:179528243-179528353
chr2	179526485	179528243	circular_RNA/1	0	-	179526485	179526485	0,0,0	9	84,81,81,81,84,84,90,84,84	0,189,383,579,774,970,1207,1507,1674	1	circRNA	TTN	NM_001267550	chr2:179523982-179526485|chr2:179528243-179528353
chr2	179586573	179592098	circular_RNA/1	0	-	179586573	179586573	0,0,0	10	288,288,279,279,279,288,279,282,279,282	0,412,812,1199,1571,2009,2413,3521,3921,5243	1	circRNA	TTN	NM_001256850	chr2:179585929-179586573|chr2:179592098-179592311
chr1	16891301	16893846	circular_RNA/3	0	-	16891301	16891301	0,0,0	4	112,177,53,173	0,826,1600,2372	3	circRNA	NBPF1	NM_017940	chr1:16890681-16891301|chr1:16893846-16894473
chr1	144619346	144814894	circular_RNA/1	0	+	144619346	144619346	0,0,0	5	73,212,210,103,215	0,536,2100,194395,195333	1	circRNA	NBPF8	NM_001037501	chr1:144618296-144619346|chr1:144814894-144815935
chr1	144823812	144826286	circular_RNA/1	0	+	144823812	144823812	0,0,0	4	173,52,173,52	0,892,1540,2422	1	circRNA	NBPF8	NM_001037501	chr1:144823179-144823812|chr1:144826286-144826932
chr1	144823812	144827928	circular_RNA/21	0	+	144823812	144823812	0,0,0	6	173,52,173,52,173,109	0,892,1540,2422,3120,4007	21	circRNA	NBPF8	NM_001037501	chr1:144823179-144823812|chr1:144827928-144828540
chr1	144825352	144827928	circular_RNA/1	0	+	144825352	144825352	0,0,0	4	173,52,173,109	0,882,1580,2467	1	circRNA	NBPF8	NM_001037501	chr1:144824756-144825352|chr1:144827928-144828540
chr1	145311785	145322175	circular_RNA/1	0	+	145311785	145311785	0,0,0	14	173,52,173,52,173,109,173,52,173,52,173,109,173,52	0,892,1548,2430,3118,4005,4726,5620,6268,7150,7838,8725,9444,10338	1	circRNA	NBPF10	NM_001039703	chr1:145311154-145311785|chr1:145322175-145322771
chr1	146049116	146054513	circular_RNA/1	0	-	146049116	146049116	0,0,0	5	103,210,212,73,215	0,1881,3435,4109,5182	1	circRNA	NBPF11	NM_183372	chr1:146048283-146049116|chr1:146054513-146055344
chr1	148337317	148342542	circular_RNA/1	0	-	148337317	148337317	0,0,0	5	215,103,210,212,73	0,1049,2920,4477,5152	1	circRNA	NBPF14	NM_015383	chr1:148336277-148337317|chr1:148342542-148343593
chr1	175087696	175092799	circular_RNA/1	0	+	175087696	175087696	0,0,0	2	264,264	0,4839	1	circRNA	TNN	NM_022093	chr1:175086341-175087696|chr1:175092799-175096090
chr1	196876445	196883801	circular_RNA/1	0	+	196876445	196876445	0,0,0	4	183,198,183,177	0,2965,5424,7179	1	circRNA	CFHR4	NM_001201550	chr1:196876167-196876445|chr1:196883801-196884085
chr1	207760730	207790147	circular_RNA/1	0	+	207760730	207760730	0,0,0	8	180,100,86,399,177,103,86,228	0,1289,19865,21904,24291,24553,27018,29189	1	circRNA	CR1	NM_000573	chr1:207758221-207760730|chr1:207790147-207791415
chr1	228407024	228444627	circular_RNA/1	0	+	228407024	228407024	0,0,0	8	276,276,276,276,276,276,276,276	0,5135,23859,24972,26089,27204,30641,37327	1	circRNA	OBSCN	NM_001271223	chr1:228404989-228407024|chr1:228444627-228447201
chr1	228430883	228437941	circular_RNA/1	0	+	228430883	228430883	0,0,0	5	276,276,276,276,276	0,1113,2230,3345,6782	1	circRNA	OBSCN	NM_052843	chr1:228412435-228430883|chr1:228437941-228444351
